91 92 4 90
78 80 81 81
52 95 96 97
83 89 58 78
3 8 9 89
53 92 6 52
7 13 52 87
65 65 64 64
99 99 32 97
92 98 26 79
13 13 14 30
9 9 12 71
4 77 78 93
24 24 26 43
93 98 28 91
67 77 82 85
98 98 66 94
52 82 87 90
20 23 25 30
35 90 91 99
29 31 37 99
11 28 7 7
27 89 10 26
99 99 2 89
6 92 5 5
5 35 2 2
79 79 4 78
10 12 9 9
71 81 95 98
81 89 40 80
64 64 26 63
5 66 77 89
3 7 14 47
7 9 11 95
50 64 26 49
39 91 2 33
91 91 16 90
63 94 95 97
61 66 60 60
12 16 23 94
16 86 87 87
17 17 18 83
40 72 73 88
39 86 9 38
5 7 12 19
40 68 69 69
17 79 80 95
15 24 48 89
12 12 13 96
4 4 6 89
79 84 5 39
65 74 3 64
51 51 29 50
93 95 57 92
28 42 15 19
30 32 46 90
17 89 3 8
54 87 88 95
26 29 32 35
18 18 19 48
91 98 31 88
8 85 86 89
3 97 98 99
5 5 6 53
95 96 94 94
94 94 93 93
17 77 78 83
35 42 48 75
12 12 13 97
80 88 33 74
45 86 3 44
2 87 88 93
52 76 6 51
5 52 66 69
95 99 9 93
18 78 6 7
5 5 6 49
15 17 29 73
35 95 20 34
14 87 4 13
38 69 37 37
11 76 6 9
11 64 65 79
40 80 81 83
17 43 11 16
47 85 86 86
9 25 4 8
32 88 4 31
2 96 99 99
55 78 54 54
42 89 41 41
14 86 2 12
58 67 68 68
39 46 51 96
49 49 42 48
2 73 74 74
74 99 33 37
54 67 20 53
40 70 34 38
22 22 3 21
22 90 11 15
3 3 5 55
6 27 45 62
2 3 5 88
82 97 27 81
86 86 40 85
14 92 93 93
12 17 18 27
32 75 9 18
79 83 3 78
38 46 47 79
24 99 23 23
9 94 5 5
2 97 98 99
95 95 15 78
81 85 32 80
54 54 8 53
11 97 5 6
17 17 25 75
33 79 86 96
37 89 90 90
53 58 37 45
73 73 11 72
22 22 1 21
97 97 5 93
6 74 5 5
2 58 1 1
4 6 9 70
83 83 45 82
20 48 49 65
49 49 46 48
3 95 98 98
87 99 21 77
11 82 4 7
67 67 68 71
86 87 13 84
13 84 88 88
2 3 4 56
85 90 42 84
44 72 33 37
7 11 21 99
87 95 32 85
4 94 99 99
4 85 86 86
46 65 66 73
25 65 14 22
2 3 10 64
15 97 11 13
1 3 5 73
26 70 79 94
28 95 11 21
65 89 90 99
32 96 99 99
4 9 12 50
4 4 5 94
96 96 49 95
41 41 42 59
36 58 35 35
77 89 60 67
31 34 35 60
18 89 90 99
2 2 3 97
19 19 20 41
97 98 19 96
33 71 72 73
5 14 3 3
1 87 88 89
78 91 92 92
45 64 44 44
2 70 95 95
29 66 67 67
1 1 8 9
56 89 97 99
87 98 25 86
2 90 91 96
825
