1000
500000000 1000000
500000000 2000000
500000000 3000000
500000000 4000000
500000000 5000000
500000000 6000000
500000000 7000000
500000000 8000000
500000000 9000000
500000000 10000000
500000000 11000000
500000000 12000000
500000000 13000000
500000000 14000000
500000000 15000000
500000000 16000000
500000000 17000000
500000000 18000000
500000000 19000000
500000000 20000000
500000000 21000000
500000000 22000000
500000000 23000000
500000000 24000000
500000000 25000000
500000000 26000000
500000000 27000000
500000000 28000000
500000000 29000000
500000000 30000000
500000000 31000000
500000000 32000000
500000000 33000000
500000000 34000000
500000000 35000000
500000000 36000000
500000000 37000000
500000000 38000000
500000000 39000000
500000000 40000000
500000000 41000000
500000000 42000000
500000000 43000000
500000000 44000000
500000000 45000000
500000000 46000000
500000000 47000000
500000000 48000000
500000000 49000000
500000000 50000000
500000000 51000000
500000000 52000000
500000000 53000000
500000000 54000000
500000000 55000000
500000000 56000000
500000000 57000000
500000000 58000000
500000000 59000000
500000000 60000000
500000000 61000000
500000000 62000000
500000000 63000000
500000000 64000000
500000000 65000000
500000000 66000000
500000000 67000000
500000000 68000000
500000000 69000000
500000000 70000000
500000000 71000000
500000000 72000000
500000000 73000000
500000000 74000000
500000000 75000000
500000000 76000000
500000000 77000000
500000000 78000000
500000000 79000000
500000000 80000000
500000000 81000000
500000000 82000000
500000000 83000000
500000000 84000000
500000000 85000000
500000000 86000000
500000000 87000000
500000000 88000000
500000000 89000000
500000000 90000000
500000000 91000000
500000000 92000000
500000000 93000000
500000000 94000000
500000000 95000000
500000000 96000000
500000000 97000000
500000000 98000000
500000000 99000000
500000000 100000000
500000000 101000000
500000000 102000000
500000000 103000000
500000000 104000000
500000000 105000000
500000000 106000000
500000000 107000000
500000000 108000000
500000000 109000000
500000000 110000000
500000000 111000000
500000000 112000000
500000000 113000000
500000000 114000000
500000000 115000000
500000000 116000000
500000000 117000000
500000000 118000000
500000000 119000000
500000000 120000000
500000000 121000000
500000000 122000000
500000000 123000000
500000000 124000000
500000000 125000000
500000000 126000000
500000000 127000000
500000000 128000000
500000000 129000000
500000000 130000000
500000000 131000000
500000000 132000000
500000000 133000000
500000000 134000000
500000000 135000000
500000000 136000000
500000000 137000000
500000000 138000000
500000000 139000000
500000000 140000000
500000000 141000000
500000000 142000000
500000000 143000000
500000000 144000000
500000000 145000000
500000000 146000000
500000000 147000000
500000000 148000000
500000000 149000000
500000000 150000000
500000000 151000000
500000000 152000000
500000000 153000000
500000000 154000000
500000000 155000000
500000000 156000000
500000000 157000000
500000000 158000000
500000000 159000000
500000000 160000000
500000000 161000000
500000000 162000000
500000000 163000000
500000000 164000000
500000000 165000000
500000000 166000000
500000000 167000000
500000000 168000000
500000000 169000000
500000000 170000000
500000000 171000000
500000000 172000000
500000000 173000000
500000000 174000000
500000000 175000000
500000000 176000000
500000000 177000000
500000000 178000000
500000000 179000000
500000000 180000000
500000000 181000000
500000000 182000000
500000000 183000000
500000000 184000000
500000000 185000000
500000000 186000000
500000000 187000000
500000000 188000000
500000000 189000000
500000000 190000000
500000000 191000000
500000000 192000000
500000000 193000000
500000000 194000000
500000000 195000000
500000000 196000000
500000000 197000000
500000000 198000000
500000000 199000000
500000000 200000000
500000000 201000000
500000000 202000000
500000000 203000000
500000000 204000000
500000000 205000000
500000000 206000000
500000000 207000000
500000000 208000000
500000000 209000000
500000000 210000000
500000000 211000000
500000000 212000000
500000000 213000000
500000000 214000000
500000000 215000000
500000000 216000000
500000000 217000000
500000000 218000000
500000000 219000000
500000000 220000000
500000000 221000000
500000000 222000000
500000000 223000000
500000000 224000000
500000000 225000000
500000000 226000000
500000000 227000000
500000000 228000000
500000000 229000000
500000000 230000000
500000000 231000000
500000000 232000000
500000000 233000000
500000000 234000000
500000000 235000000
500000000 236000000
500000000 237000000
500000000 238000000
500000000 239000000
500000000 240000000
500000000 241000000
500000000 242000000
500000000 243000000
500000000 244000000
500000000 245000000
500000000 246000000
500000000 247000000
500000000 248000000
500000000 249000000
500000000 250000000
500000000 251000000
500000000 252000000
500000000 253000000
500000000 254000000
500000000 255000000
500000000 256000000
500000000 257000000
500000000 258000000
500000000 259000000
500000000 260000000
500000000 261000000
500000000 262000000
500000000 263000000
500000000 264000000
500000000 265000000
500000000 266000000
500000000 267000000
500000000 268000000
500000000 269000000
500000000 270000000
500000000 271000000
500000000 272000000
500000000 273000000
500000000 274000000
500000000 275000000
500000000 276000000
500000000 277000000
500000000 278000000
500000000 279000000
500000000 280000000
500000000 281000000
500000000 282000000
500000000 283000000
500000000 284000000
500000000 285000000
500000000 286000000
500000000 287000000
500000000 288000000
500000000 289000000
500000000 290000000
500000000 291000000
500000000 292000000
500000000 293000000
500000000 294000000
500000000 295000000
500000000 296000000
500000000 297000000
500000000 298000000
500000000 299000000
500000000 300000000
500000000 301000000
500000000 302000000
500000000 303000000
500000000 304000000
500000000 305000000
500000000 306000000
500000000 307000000
500000000 308000000
500000000 309000000
500000000 310000000
500000000 311000000
500000000 312000000
500000000 313000000
500000000 314000000
500000000 315000000
500000000 316000000
500000000 317000000
500000000 318000000
500000000 319000000
500000000 320000000
500000000 321000000
500000000 322000000
500000000 323000000
500000000 324000000
500000000 325000000
500000000 326000000
500000000 327000000
500000000 328000000
500000000 329000000
500000000 330000000
500000000 331000000
500000000 332000000
500000000 333000000
500000000 334000000
500000000 335000000
500000000 336000000
500000000 337000000
500000000 338000000
500000000 339000000
500000000 340000000
500000000 341000000
500000000 342000000
500000000 343000000
500000000 344000000
500000000 345000000
500000000 346000000
500000000 347000000
500000000 348000000
500000000 349000000
500000000 350000000
500000000 351000000
500000000 352000000
500000000 353000000
500000000 354000000
500000000 355000000
500000000 356000000
500000000 357000000
500000000 358000000
500000000 359000000
500000000 360000000
500000000 361000000
500000000 362000000
500000000 363000000
500000000 364000000
500000000 365000000
500000000 366000000
500000000 367000000
500000000 368000000
500000000 369000000
500000000 370000000
500000000 371000000
500000000 372000000
500000000 373000000
500000000 374000000
500000000 375000000
500000000 376000000
500000000 377000000
500000000 378000000
500000000 379000000
500000000 380000000
500000000 381000000
500000000 382000000
500000000 383000000
500000000 384000000
500000000 385000000
500000000 386000000
500000000 387000000
500000000 388000000
500000000 389000000
500000000 390000000
500000000 391000000
500000000 392000000
500000000 393000000
500000000 394000000
500000000 395000000
500000000 396000000
500000000 397000000
500000000 398000000
500000000 399000000
500000000 400000000
500000000 401000000
500000000 402000000
500000000 403000000
500000000 404000000
500000000 405000000
500000000 406000000
500000000 407000000
500000000 408000000
500000000 409000000
500000000 410000000
500000000 411000000
500000000 412000000
500000000 413000000
500000000 414000000
500000000 415000000
500000000 416000000
500000000 417000000
500000000 418000000
500000000 419000000
500000000 420000000
500000000 421000000
500000000 422000000
500000000 423000000
500000000 424000000
500000000 425000000
500000000 426000000
500000000 427000000
500000000 428000000
500000000 429000000
500000000 430000000
500000000 431000000
500000000 432000000
500000000 433000000
500000000 434000000
500000000 435000000
500000000 436000000
500000000 437000000
500000000 438000000
500000000 439000000
500000000 440000000
500000000 441000000
500000000 442000000
500000000 443000000
500000000 444000000
500000000 445000000
500000000 446000000
500000000 447000000
500000000 448000000
500000000 449000000
500000000 450000000
500000000 451000000
500000000 452000000
500000000 453000000
500000000 454000000
500000000 455000000
500000000 456000000
500000000 457000000
500000000 458000000
500000000 459000000
500000000 460000000
500000000 461000000
500000000 462000000
500000000 463000000
500000000 464000000
500000000 465000000
500000000 466000000
500000000 467000000
500000000 468000000
500000000 469000000
500000000 470000000
500000000 471000000
500000000 472000000
500000000 473000000
500000000 474000000
500000000 475000000
500000000 476000000
500000000 477000000
500000000 478000000
500000000 479000000
500000000 480000000
500000000 481000000
500000000 482000000
500000000 483000000
500000000 484000000
500000000 485000000
500000000 486000000
500000000 487000000
500000000 488000000
500000000 489000000
500000000 490000000
500000000 491000000
500000000 492000000
500000000 493000000
500000000 494000000
500000000 495000000
500000000 496000000
500000000 497000000
500000000 498000000
500000000 499000000
500000000 500000000
500000000 501000000
500000000 502000000
500000000 503000000
500000000 504000000
500000000 505000000
500000000 506000000
500000000 507000000
500000000 508000000
500000000 509000000
500000000 510000000
500000000 511000000
500000000 512000000
500000000 513000000
500000000 514000000
500000000 515000000
500000000 516000000
500000000 517000000
500000000 518000000
500000000 519000000
500000000 520000000
500000000 521000000
500000000 522000000
500000000 523000000
500000000 524000000
500000000 525000000
500000000 526000000
500000000 527000000
500000000 528000000
500000000 529000000
500000000 530000000
500000000 531000000
500000000 532000000
500000000 533000000
500000000 534000000
500000000 535000000
500000000 536000000
500000000 537000000
500000000 538000000
500000000 539000000
500000000 540000000
500000000 541000000
500000000 542000000
500000000 543000000
500000000 544000000
500000000 545000000
500000000 546000000
500000000 547000000
500000000 548000000
500000000 549000000
500000000 550000000
500000000 551000000
500000000 552000000
500000000 553000000
500000000 554000000
500000000 555000000
500000000 556000000
500000000 557000000
500000000 558000000
500000000 559000000
500000000 560000000
500000000 561000000
500000000 562000000
500000000 563000000
500000000 564000000
500000000 565000000
500000000 566000000
500000000 567000000
500000000 568000000
500000000 569000000
500000000 570000000
500000000 571000000
500000000 572000000
500000000 573000000
500000000 574000000
500000000 575000000
500000000 576000000
500000000 577000000
500000000 578000000
500000000 579000000
500000000 580000000
500000000 581000000
500000000 582000000
500000000 583000000
500000000 584000000
500000000 585000000
500000000 586000000
500000000 587000000
500000000 588000000
500000000 589000000
500000000 590000000
500000000 591000000
500000000 592000000
500000000 593000000
500000000 594000000
500000000 595000000
500000000 596000000
500000000 597000000
500000000 598000000
500000000 599000000
500000000 600000000
500000000 601000000
500000000 602000000
500000000 603000000
500000000 604000000
500000000 605000000
500000000 606000000
500000000 607000000
500000000 608000000
500000000 609000000
500000000 610000000
500000000 611000000
500000000 612000000
500000000 613000000
500000000 614000000
500000000 615000000
500000000 616000000
500000000 617000000
500000000 618000000
500000000 619000000
500000000 620000000
500000000 621000000
500000000 622000000
500000000 623000000
500000000 624000000
500000000 625000000
500000000 626000000
500000000 627000000
500000000 628000000
500000000 629000000
500000000 630000000
500000000 631000000
500000000 632000000
500000000 633000000
500000000 634000000
500000000 635000000
500000000 636000000
500000000 637000000
500000000 638000000
500000000 639000000
500000000 640000000
500000000 641000000
500000000 642000000
500000000 643000000
500000000 644000000
500000000 645000000
500000000 646000000
500000000 647000000
500000000 648000000
500000000 649000000
500000000 650000000
500000000 651000000
500000000 652000000
500000000 653000000
500000000 654000000
500000000 655000000
500000000 656000000
500000000 657000000
500000000 658000000
500000000 659000000
500000000 660000000
500000000 661000000
500000000 662000000
500000000 663000000
500000000 664000000
500000000 665000000
500000000 666000000
500000000 667000000
500000000 668000000
500000000 669000000
500000000 670000000
500000000 671000000
500000000 672000000
500000000 673000000
500000000 674000000
500000000 675000000
500000000 676000000
500000000 677000000
500000000 678000000
500000000 679000000
500000000 680000000
500000000 681000000
500000000 682000000
500000000 683000000
500000000 684000000
500000000 685000000
500000000 686000000
500000000 687000000
500000000 688000000
500000000 689000000
500000000 690000000
500000000 691000000
500000000 692000000
500000000 693000000
500000000 694000000
500000000 695000000
500000000 696000000
500000000 697000000
500000000 698000000
500000000 699000000
500000000 700000000
500000000 701000000
500000000 702000000
500000000 703000000
500000000 704000000
500000000 705000000
500000000 706000000
500000000 707000000
500000000 708000000
500000000 709000000
500000000 710000000
500000000 711000000
500000000 712000000
500000000 713000000
500000000 714000000
500000000 715000000
500000000 716000000
500000000 717000000
500000000 718000000
500000000 719000000
500000000 720000000
500000000 721000000
500000000 722000000
500000000 723000000
500000000 724000000
500000000 725000000
500000000 726000000
500000000 727000000
500000000 728000000
500000000 729000000
500000000 730000000
500000000 731000000
500000000 732000000
500000000 733000000
500000000 734000000
500000000 735000000
500000000 736000000
500000000 737000000
500000000 738000000
500000000 739000000
500000000 740000000
500000000 741000000
500000000 742000000
500000000 743000000
500000000 744000000
500000000 745000000
500000000 746000000
500000000 747000000
500000000 748000000
500000000 749000000
500000000 750000000
500000000 751000000
500000000 752000000
500000000 753000000
500000000 754000000
500000000 755000000
500000000 756000000
500000000 757000000
500000000 758000000
500000000 759000000
500000000 760000000
500000000 761000000
500000000 762000000
500000000 763000000
500000000 764000000
500000000 765000000
500000000 766000000
500000000 767000000
500000000 768000000
500000000 769000000
500000000 770000000
500000000 771000000
500000000 772000000
500000000 773000000
500000000 774000000
500000000 775000000
500000000 776000000
500000000 777000000
500000000 778000000
500000000 779000000
500000000 780000000
500000000 781000000
500000000 782000000
500000000 783000000
500000000 784000000
500000000 785000000
500000000 786000000
500000000 787000000
500000000 788000000
500000000 789000000
500000000 790000000
500000000 791000000
500000000 792000000
500000000 793000000
500000000 794000000
500000000 795000000
500000000 796000000
500000000 797000000
500000000 798000000
500000000 799000000
500000000 800000000
500000000 801000000
500000000 802000000
500000000 803000000
500000000 804000000
500000000 805000000
500000000 806000000
500000000 807000000
500000000 808000000
500000000 809000000
500000000 810000000
500000000 811000000
500000000 812000000
500000000 813000000
500000000 814000000
500000000 815000000
500000000 816000000
500000000 817000000
500000000 818000000
500000000 819000000
500000000 820000000
500000000 821000000
500000000 822000000
500000000 823000000
500000000 824000000
500000000 825000000
500000000 826000000
500000000 827000000
500000000 828000000
500000000 829000000
500000000 830000000
500000000 831000000
500000000 832000000
500000000 833000000
500000000 834000000
500000000 835000000
500000000 836000000
500000000 837000000
500000000 838000000
500000000 839000000
500000000 840000000
500000000 841000000
500000000 842000000
500000000 843000000
500000000 844000000
500000000 845000000
500000000 846000000
500000000 847000000
500000000 848000000
500000000 849000000
500000000 850000000
500000000 851000000
500000000 852000000
500000000 853000000
500000000 854000000
500000000 855000000
500000000 856000000
500000000 857000000
500000000 858000000
500000000 859000000
500000000 860000000
500000000 861000000
500000000 862000000
500000000 863000000
500000000 864000000
500000000 865000000
500000000 866000000
500000000 867000000
500000000 868000000
500000000 869000000
500000000 870000000
500000000 871000000
500000000 872000000
500000000 873000000
500000000 874000000
500000000 875000000
500000000 876000000
500000000 877000000
500000000 878000000
500000000 879000000
500000000 880000000
500000000 881000000
500000000 882000000
500000000 883000000
500000000 884000000
500000000 885000000
500000000 886000000
500000000 887000000
500000000 888000000
500000000 889000000
500000000 890000000
500000000 891000000
500000000 892000000
500000000 893000000
500000000 894000000
500000000 895000000
500000000 896000000
500000000 897000000
500000000 898000000
500000000 899000000
500000000 900000000
500000000 901000000
500000000 902000000
500000000 903000000
500000000 904000000
500000000 905000000
500000000 906000000
500000000 907000000
500000000 908000000
500000000 909000000
500000000 910000000
500000000 911000000
500000000 912000000
500000000 913000000
500000000 914000000
500000000 915000000
500000000 916000000
500000000 917000000
500000000 918000000
500000000 919000000
500000000 920000000
500000000 921000000
500000000 922000000
500000000 923000000
500000000 924000000
500000000 925000000
500000000 926000000
500000000 927000000
500000000 928000000
500000000 929000000
500000000 930000000
500000000 931000000
500000000 932000000
500000000 933000000
500000000 934000000
500000000 935000000
500000000 936000000
500000000 937000000
500000000 938000000
500000000 939000000
500000000 940000000
500000000 941000000
500000000 942000000
500000000 943000000
500000000 944000000
500000000 945000000
500000000 946000000
500000000 947000000
500000000 948000000
500000000 949000000
500000000 950000000
500000000 951000000
500000000 952000000
500000000 953000000
500000000 954000000
500000000 955000000
500000000 956000000
500000000 957000000
500000000 958000000
500000000 959000000
500000000 960000000
500000000 961000000
500000000 962000000
500000000 963000000
500000000 964000000
500000000 965000000
500000000 966000000
500000000 967000000
500000000 968000000
500000000 969000000
500000000 970000000
500000000 971000000
500000000 972000000
500000000 973000000
500000000 974000000
500000000 975000000
500000000 976000000
500000000 977000000
500000000 978000000
500000000 979000000
500000000 980000000
500000000 981000000
500000000 982000000
500000000 983000000
500000000 984000000
500000000 985000000
500000000 986000000
500000000 987000000
500000000 988000000
500000000 989000000
500000000 990000000
500000000 991000000
500000000 992000000
500000000 993000000
500000000 994000000
500000000 995000000
500000000 996000000
500000000 997000000
500000000 998000000
500000000 999000000
500000000 1000000000
