n=4
po n!/n, 3! = 6

[1, 4, 3, 2] cost: 9
[1, 3, 4, 2] cost: 10
[1, 2, 4, 3] cost: 11

[1, 4, 2, 3] cost: 10
[1, 3, 2, 4] cost: 11
[1, 2, 3, 4] cost: 0 // 12


[2, 1, 3, 4] cost: 1
[2, 3, 1, 4] cost: 2
[2, 3, 4, 1] cost: 3

[2, 1, 4, 3] cost: 12
[2, 4, 1, 3] cost: 13
[2, 4, 3, 1] cost: 14


[3, 2, 1, 4] cost: 3
[3, 1, 2, 4] cost: 4
[3, 1, 4, 2] cost: 5

[3, 2, 4, 1] cost: 4
[3, 4, 2, 1] cost: 5
[3, 4, 1, 2] cost: 6


[4, 3, 2, 1] cost: 6
[4, 2, 3, 1] cost: 7
[4, 1, 3, 2] cost: 8

[4, 3, 1, 2] cost: 7
[4, 2, 1, 3] cost: 8
[4, 1, 2, 3] cost: 9

[9, 10, 1, 12, 3, 4, 6, 7]
róznice
[2, 1, 2, 1, 2, 1, 2]
