// po n!/n ciągów arytmetycznych, dla n=5, 6, zły wzór

[2, 1, 3, 4, 5] cost: 1
[2, 3, 1, 4, 5] cost: 2
[2, 3, 4, 1, 5] cost: 3
[2, 3, 4, 5, 1] cost: 4

[1, 5, 4, 3, 2] cost: 14
[1, 4, 5, 3, 2] cost: 15
[1, 3, 5, 4, 2] cost: 16
[1, 2, 5, 4, 3] cost: 17

[1, 5, 3, 4, 2] cost: 15
[1, 4, 3, 5, 2] cost: 16
[1, 3, 4, 5, 2] cost: 17
[1, 2, 5, 3, 4] cost: 18

[1, 5, 4, 2, 3] cost: 15
[1, 4, 5, 2, 3] cost: 16
[1, 3, 5, 2, 4] cost: 17
[1, 2, 4, 5, 3] cost: 18

[1, 5, 2, 4, 3] cost: 16
[1, 4, 2, 5, 3] cost: 17
[1, 3, 2, 5, 4] cost: 18
[1, 2, 3, 5, 4] cost: 19

[1, 5, 3, 2, 4] cost: 16
[1, 4, 3, 2, 5] cost: 17
[1, 3, 4, 2, 5] cost: 18
[1, 3, 2, 4, 5] cost: 19

[1, 5, 2, 3, 4] cost: 17
[1, 4, 2, 3, 5] cost: 18
[1, 2, 4, 3, 5] cost: 19
[1, 2, 3, 4, 5] cost: 0 // 20


[2, 1, 5, 4, 3] cost: 18
[2, 1, 4, 5, 3] cost: 19
[2, 1, 3, 5, 4] cost: 20
[2, 3, 1, 5, 4] cost: 21

[2, 1, 5, 3, 4] cost: 19
[2, 1, 4, 3, 5] cost: 20
[2, 4, 1, 3, 5] cost: 21
[2, 3, 5, 1, 4] cost: 22

[2, 5, 1, 4, 3] cost: 19
[2, 4, 1, 5, 3] cost: 20
[2, 4, 5, 1, 3] cost: 21
[2, 4, 3, 1, 5] cost: 22

[2, 5, 1, 3, 4] cost: 20
[2, 5, 3, 1, 4] cost: 21
[2, 4, 5, 3, 1] cost: 22
[2, 3, 5, 4, 1] cost: 23

[2, 5, 4, 1, 3] cost: 20
[2, 5, 4, 3, 1] cost: 21
[2, 5, 3, 4, 1] cost: 22
[2, 4, 3, 5, 1] cost: 23


[3, 2, 1, 4, 5] cost: 3
[3, 1, 2, 4, 5] cost: 4
[3, 1, 4, 2, 5] cost: 5
[3, 1, 4, 5, 2] cost: 6

[3, 2, 4, 1, 5] cost: 4
[3, 2, 4, 5, 1] cost: 5
[3, 4, 1, 2, 5] cost: 6
[3, 4, 1, 5, 2] cost: 7

[3, 4, 2, 1, 5] cost: 5
[3, 4, 2, 5, 1] cost: 6
[3, 4, 5, 2, 1] cost: 7
[3, 4, 5, 1, 2] cost: 8

[3, 2, 1, 5, 4] cost: 22
[3, 1, 2, 5, 4] cost: 23
[3, 2, 5, 4, 1] cost: 24
[3, 1, 5, 4, 2] cost: 25

[3, 2, 5, 1, 4] cost: 23
[3, 1, 5, 2, 4] cost: 24
[3, 5, 1, 2, 4] cost: 25
[3, 5, 1, 4, 2] cost: 26

[3, 5, 2, 1, 4] cost: 24
[3, 5, 2, 4, 1] cost: 25
[3, 5, 4, 2, 1] cost: 26
[3, 5, 4, 1, 2] cost: 27


[4, 3, 2, 1, 5] cost: 6
[4, 2, 3, 1, 5] cost: 7
[4, 1, 3, 2, 5] cost: 8
[4, 1, 2, 3, 5] cost: 9

[4, 3, 1, 2, 5] cost: 7
[4, 2, 1, 3, 5] cost: 8
[4, 1, 3, 5, 2] cost: 9
[4, 1, 5, 3, 2] cost: 10

[4, 3, 2, 5, 1] cost: 7
[4, 2, 3, 5, 1] cost: 8
[4, 2, 1, 5, 3] cost: 9
[4, 1, 2, 5, 3] cost: 10

[4, 3, 1, 5, 2] cost: 8
[4, 2, 5, 3, 1] cost: 9
[4, 2, 5, 1, 3] cost: 10
[4, 1, 5, 2, 3] cost: 11

[4, 3, 5, 2, 1] cost: 8
[4, 3, 5, 1, 2] cost: 9
[4, 5, 2, 3, 1] cost: 10
[4, 5, 1, 3, 2] cost: 11

[4, 5, 3, 2, 1] cost: 9
[4, 5, 3, 1, 2] cost: 10
[4, 5, 2, 1, 3] cost: 11
[4, 5, 1, 2, 3] cost: 12


[5, 4, 3, 2, 1] cost: 10
[5, 3, 4, 2, 1] cost: 11
[5, 3, 2, 4, 1] cost: 12
[5, 1, 4, 3, 2] cost: 13

[5, 4, 2, 3, 1] cost: 11
[5, 4, 2, 1, 3] cost: 12
[5, 2, 3, 4, 1] cost: 13
[5, 1, 4, 2, 3] cost: 14

[5, 4, 3, 1, 2] cost: 11
[5, 4, 1, 3, 2] cost: 12
[5, 3, 2, 1, 4] cost: 13
[5, 1, 3, 4, 2] cost: 14

[5, 3, 4, 1, 2] cost: 12
[5, 3, 1, 4, 2] cost: 13
[5, 2, 1, 4, 3] cost: 14
[5, 1, 2, 4, 3] cost: 15

[5, 2, 4, 3, 1] cost: 12
[5, 2, 4, 1, 3] cost: 13
[5, 2, 3, 1, 4] cost: 14
[5, 1, 3, 2, 4] cost: 15

[5, 4, 1, 2, 3] cost: 13
[5, 3, 1, 2, 4] cost: 14
[5, 2, 1, 3, 4] cost: 15
[5, 1, 2, 3, 4] cost: 16


// początkowe wyrazy
[1, 14, 15, 15, 16, 16, 17, 18, 19, 19, 20, 20, 3, 4, 5, 22, 23, 24, 6, 7, 7, 8, 8, 9, 10, 11, 11, 12, 12, 13] 

[1, 3, 4, 5, 6, 7, 7, 8, 8, 9, 10, 11, 11, 12, 12, 13, 14, 15, 15, 16, 16, 17, 18, 19, 19, 20, 20, 22, 23, 24]
[2, 1, 1, 1, 1, 0, 1, 0, 1, 1, 1, 0, 1, 0, 1, 1, 1, 0, 1, 0, 1, 1, 1, 0, 1, 0, 2, 1, 1]
