[1, 2, 3, 4, 5] 
[1, 2, 3, 4, 5] cost: 0
[1, 2, 3, 5, 4] -> (3)-> (4)-> (4)-> (4)-> (4)
[1, 2, 3, 5, 4] cost: 19
[1, 2, 4, 3, 5] -> (4)-> (3)-> (4)-> (4)-> (4)
[1, 2, 4, 3, 5] cost: 19
[1, 2, 4, 5, 3] -> (3)-> (3)-> (4)-> (4)-> (4)
[1, 2, 4, 5, 3] cost: 18
[1, 2, 5, 3, 4] -> (2)-> (4)-> (4)-> (4)-> (4)
[1, 2, 5, 3, 4] cost: 18
[1, 2, 5, 4, 3] -> (2)-> (3)-> (4)-> (4)-> (4)
[1, 2, 5, 4, 3] cost: 17
[1, 3, 2, 4, 5] -> (4)-> (4)-> (3)-> (4)-> (4)
[1, 3, 2, 4, 5] cost: 19
[1, 3, 2, 5, 4] -> (3)-> (4)-> (3)-> (4)-> (4)
[1, 3, 2, 5, 4] cost: 18
[1, 3, 4, 2, 5] -> (4)-> (3)-> (3)-> (4)-> (4)
[1, 3, 4, 2, 5] cost: 18
[1, 3, 4, 5, 2] -> (3)-> (3)-> (3)-> (4)-> (4)
[1, 3, 4, 5, 2] cost: 17
[1, 3, 5, 2, 4] -> (2)-> (4)-> (3)-> (4)-> (4)
[1, 3, 5, 2, 4] cost: 17
[1, 3, 5, 4, 2] -> (2)-> (3)-> (3)-> (4)-> (4)
[1, 3, 5, 4, 2] cost: 16
[1, 4, 2, 3, 5] -> (4)-> (2)-> (4)-> (4)-> (4)
[1, 4, 2, 3, 5] cost: 18
[1, 4, 2, 5, 3] -> (3)-> (2)-> (4)-> (4)-> (4)
[1, 4, 2, 5, 3] cost: 17
[1, 4, 3, 2, 5] -> (4)-> (2)-> (3)-> (4)-> (4)
[1, 4, 3, 2, 5] cost: 17
[1, 4, 3, 5, 2] -> (3)-> (2)-> (3)-> (4)-> (4)
[1, 4, 3, 5, 2] cost: 16
[1, 4, 5, 2, 3] -> (2)-> (2)-> (4)-> (4)-> (4)
[1, 4, 5, 2, 3] cost: 16
[1, 4, 5, 3, 2] -> (2)-> (2)-> (3)-> (4)-> (4)
[1, 4, 5, 3, 2] cost: 15
[1, 5, 2, 3, 4] -> (1)-> (4)-> (4)-> (4)-> (4)
[1, 5, 2, 3, 4] cost: 17
[1, 5, 2, 4, 3] -> (1)-> (3)-> (4)-> (4)-> (4)
[1, 5, 2, 4, 3] cost: 16
[1, 5, 3, 2, 4] -> (1)-> (4)-> (3)-> (4)-> (4)
[1, 5, 3, 2, 4] cost: 16
[1, 5, 3, 4, 2] -> (1)-> (3)-> (3)-> (4)-> (4)
[1, 5, 3, 4, 2] cost: 15
[1, 5, 4, 2, 3] -> (1)-> (2)-> (4)-> (4)-> (4)
[1, 5, 4, 2, 3] cost: 15
[1, 5, 4, 3, 2] -> (1)-> (2)-> (3)-> (4)-> (4)
[1, 5, 4, 3, 2] cost: 14
[2, 1, 3, 4, 5] -> (1)
[2, 1, 3, 4, 5] cost: 1
[2, 1, 3, 5, 4] -> (1)-> (3)-> (4)-> (4)-> (4)-> (4)
[2, 1, 3, 5, 4] cost: 20
[2, 1, 4, 3, 5] -> (1)-> (4)-> (3)-> (4)-> (4)-> (4)
[2, 1, 4, 3, 5] cost: 20
[2, 1, 4, 5, 3] -> (1)-> (3)-> (3)-> (4)-> (4)-> (4)
[2, 1, 4, 5, 3] cost: 19
[2, 1, 5, 3, 4] -> (1)-> (2)-> (4)-> (4)-> (4)-> (4)
[2, 1, 5, 3, 4] cost: 19
[2, 1, 5, 4, 3] -> (1)-> (2)-> (3)-> (4)-> (4)-> (4)
[2, 1, 5, 4, 3] cost: 18
[2, 3, 1, 4, 5] -> (2)
[2, 3, 1, 4, 5] cost: 2
[2, 3, 1, 5, 4] -> (2)-> (3)-> (4)-> (4)-> (4)-> (4)
[2, 3, 1, 5, 4] cost: 21
[2, 3, 4, 1, 5] -> (3)
[2, 3, 4, 1, 5] cost: 3
[2, 3, 4, 5, 1] -> (4)
[2, 3, 4, 5, 1] cost: 4
[2, 3, 5, 1, 4] -> (3)-> (3)-> (4)-> (4)-> (4)-> (4)
[2, 3, 5, 1, 4] cost: 22
[2, 3, 5, 4, 1] -> (4)-> (3)-> (4)-> (4)-> (4)-> (4)
[2, 3, 5, 4, 1] cost: 23
[2, 4, 1, 3, 5] -> (2)-> (4)-> (3)-> (4)-> (4)-> (4)
[2, 4, 1, 3, 5] cost: 21
[2, 4, 1, 5, 3] -> (2)-> (3)-> (3)-> (4)-> (4)-> (4)
[2, 4, 1, 5, 3] cost: 20
[2, 4, 3, 1, 5] -> (3)-> (4)-> (3)-> (4)-> (4)-> (4)
[2, 4, 3, 1, 5] cost: 22
[2, 4, 3, 5, 1] -> (4)-> (4)-> (3)-> (4)-> (4)-> (4)
[2, 4, 3, 5, 1] cost: 23
[2, 4, 5, 1, 3] -> (3)-> (3)-> (3)-> (4)-> (4)-> (4)
[2, 4, 5, 1, 3] cost: 21
[2, 4, 5, 3, 1] -> (4)-> (3)-> (3)-> (4)-> (4)-> (4)
[2, 4, 5, 3, 1] cost: 22
[2, 5, 1, 3, 4] -> (2)-> (2)-> (4)-> (4)-> (4)-> (4)
[2, 5, 1, 3, 4] cost: 20
[2, 5, 1, 4, 3] -> (2)-> (2)-> (3)-> (4)-> (4)-> (4)
[2, 5, 1, 4, 3] cost: 19
[2, 5, 3, 1, 4] -> (3)-> (2)-> (4)-> (4)-> (4)-> (4)
[2, 5, 3, 1, 4] cost: 21
[2, 5, 3, 4, 1] -> (4)-> (2)-> (4)-> (4)-> (4)-> (4)
[2, 5, 3, 4, 1] cost: 22
[2, 5, 4, 1, 3] -> (3)-> (2)-> (3)-> (4)-> (4)-> (4)
[2, 5, 4, 1, 3] cost: 20
[2, 5, 4, 3, 1] -> (4)-> (2)-> (3)-> (4)-> (4)-> (4)
[2, 5, 4, 3, 1] cost: 21
[3, 1, 2, 4, 5] -> (2)-> (2)
[3, 1, 2, 4, 5] cost: 4
[3, 1, 2, 5, 4] -> (2)-> (2)-> (3)-> (4)-> (4)-> (4)-> (4)
[3, 1, 2, 5, 4] cost: 23
[3, 1, 4, 2, 5] -> (3)-> (2)
[3, 1, 4, 2, 5] cost: 5
[3, 1, 4, 5, 2] -> (4)-> (2)
[3, 1, 4, 5, 2] cost: 6
[3, 1, 5, 2, 4] -> (3)-> (2)-> (3)-> (4)-> (4)-> (4)-> (4)
[3, 1, 5, 2, 4] cost: 24
[3, 1, 5, 4, 2] -> (4)-> (2)-> (3)-> (4)-> (4)-> (4)-> (4)
[3, 1, 5, 4, 2] cost: 25
[3, 2, 1, 4, 5] -> (1)-> (2)
[3, 2, 1, 4, 5] cost: 3
[3, 2, 1, 5, 4] -> (1)-> (2)-> (3)-> (4)-> (4)-> (4)-> (4)
[3, 2, 1, 5, 4] cost: 22
[3, 2, 4, 1, 5] -> (1)-> (3)
[3, 2, 4, 1, 5] cost: 4
[3, 2, 4, 5, 1] -> (1)-> (4)
[3, 2, 4, 5, 1] cost: 5
[3, 2, 5, 1, 4] -> (1)-> (3)-> (3)-> (4)-> (4)-> (4)-> (4)
[3, 2, 5, 1, 4] cost: 23
[3, 2, 5, 4, 1] -> (1)-> (4)-> (3)-> (4)-> (4)-> (4)-> (4)
[3, 2, 5, 4, 1] cost: 24
[3, 4, 1, 2, 5] -> (3)-> (3)
[3, 4, 1, 2, 5] cost: 6
[3, 4, 1, 5, 2] -> (4)-> (3)
[3, 4, 1, 5, 2] cost: 7
[3, 4, 2, 1, 5] -> (2)-> (3)
[3, 4, 2, 1, 5] cost: 5
[3, 4, 2, 5, 1] -> (2)-> (4)
[3, 4, 2, 5, 1] cost: 6
[3, 4, 5, 1, 2] -> (4)-> (4)
[3, 4, 5, 1, 2] cost: 8
[3, 4, 5, 2, 1] -> (3)-> (4)
[3, 4, 5, 2, 1] cost: 7
[3, 5, 1, 2, 4] -> (3)-> (3)-> (3)-> (4)-> (4)-> (4)-> (4)
[3, 5, 1, 2, 4] cost: 25
[3, 5, 1, 4, 2] -> (4)-> (3)-> (3)-> (4)-> (4)-> (4)-> (4)
[3, 5, 1, 4, 2] cost: 26
[3, 5, 2, 1, 4] -> (2)-> (3)-> (3)-> (4)-> (4)-> (4)-> (4)
[3, 5, 2, 1, 4] cost: 24
[3, 5, 2, 4, 1] -> (2)-> (4)-> (3)-> (4)-> (4)-> (4)-> (4)
[3, 5, 2, 4, 1] cost: 25
[3, 5, 4, 1, 2] -> (4)-> (4)-> (3)-> (4)-> (4)-> (4)-> (4)
[3, 5, 4, 1, 2] cost: 27
[3, 5, 4, 2, 1] -> (3)-> (4)-> (3)-> (4)-> (4)-> (4)-> (4)
[3, 5, 4, 2, 1] cost: 26
[4, 1, 2, 3, 5] -> (3)-> (3)-> (3)
[4, 1, 2, 3, 5] cost: 9
[4, 1, 2, 5, 3] -> (4)-> (3)-> (3)
[4, 1, 2, 5, 3] cost: 10
[4, 1, 3, 2, 5] -> (2)-> (3)-> (3)
[4, 1, 3, 2, 5] cost: 8
[4, 1, 3, 5, 2] -> (2)-> (4)-> (3)
[4, 1, 3, 5, 2] cost: 9
[4, 1, 5, 2, 3] -> (4)-> (4)-> (3)
[4, 1, 5, 2, 3] cost: 11
[4, 1, 5, 3, 2] -> (3)-> (4)-> (3)
[4, 1, 5, 3, 2] cost: 10
[4, 2, 1, 3, 5] -> (3)-> (2)-> (3)
[4, 2, 1, 3, 5] cost: 8
[4, 2, 1, 5, 3] -> (4)-> (2)-> (3)
[4, 2, 1, 5, 3] cost: 9
[4, 2, 3, 1, 5] -> (2)-> (2)-> (3)
[4, 2, 3, 1, 5] cost: 7
[4, 2, 3, 5, 1] -> (2)-> (2)-> (4)
[4, 2, 3, 5, 1] cost: 8
[4, 2, 5, 1, 3] -> (4)-> (2)-> (4)
[4, 2, 5, 1, 3] cost: 10
[4, 2, 5, 3, 1] -> (3)-> (2)-> (4)
[4, 2, 5, 3, 1] cost: 9
[4, 3, 1, 2, 5] -> (1)-> (3)-> (3)
[4, 3, 1, 2, 5] cost: 7
[4, 3, 1, 5, 2] -> (1)-> (4)-> (3)
[4, 3, 1, 5, 2] cost: 8
[4, 3, 2, 1, 5] -> (1)-> (2)-> (3)
[4, 3, 2, 1, 5] cost: 6
[4, 3, 2, 5, 1] -> (1)-> (2)-> (4)
[4, 3, 2, 5, 1] cost: 7
[4, 3, 5, 1, 2] -> (1)-> (4)-> (4)
[4, 3, 5, 1, 2] cost: 9
[4, 3, 5, 2, 1] -> (1)-> (3)-> (4)
[4, 3, 5, 2, 1] cost: 8
[4, 5, 1, 2, 3] -> (4)-> (4)-> (4)
[4, 5, 1, 2, 3] cost: 12
[4, 5, 1, 3, 2] -> (3)-> (4)-> (4)
[4, 5, 1, 3, 2] cost: 11
[4, 5, 2, 1, 3] -> (4)-> (3)-> (4)
[4, 5, 2, 1, 3] cost: 11
[4, 5, 2, 3, 1] -> (3)-> (3)-> (4)
[4, 5, 2, 3, 1] cost: 10
[4, 5, 3, 1, 2] -> (2)-> (4)-> (4)
[4, 5, 3, 1, 2] cost: 10
[4, 5, 3, 2, 1] -> (2)-> (3)-> (4)
[4, 5, 3, 2, 1] cost: 9
[5, 1, 2, 3, 4] -> (4)-> (4)-> (4)-> (4)
[5, 1, 2, 3, 4] cost: 16
[5, 1, 2, 4, 3] -> (3)-> (4)-> (4)-> (4)
[5, 1, 2, 4, 3] cost: 15
[5, 1, 3, 2, 4] -> (4)-> (3)-> (4)-> (4)
[5, 1, 3, 2, 4] cost: 15
[5, 1, 3, 4, 2] -> (3)-> (3)-> (4)-> (4)
[5, 1, 3, 4, 2] cost: 14
[5, 1, 4, 2, 3] -> (2)-> (4)-> (4)-> (4)
[5, 1, 4, 2, 3] cost: 14
[5, 1, 4, 3, 2] -> (2)-> (3)-> (4)-> (4)
[5, 1, 4, 3, 2] cost: 13
[5, 2, 1, 3, 4] -> (4)-> (4)-> (3)-> (4)
[5, 2, 1, 3, 4] cost: 15
[5, 2, 1, 4, 3] -> (3)-> (4)-> (3)-> (4)
[5, 2, 1, 4, 3] cost: 14
[5, 2, 3, 1, 4] -> (4)-> (3)-> (3)-> (4)
[5, 2, 3, 1, 4] cost: 14
[5, 2, 3, 4, 1] -> (3)-> (3)-> (3)-> (4)
[5, 2, 3, 4, 1] cost: 13
[5, 2, 4, 1, 3] -> (2)-> (4)-> (3)-> (4)
[5, 2, 4, 1, 3] cost: 13
[5, 2, 4, 3, 1] -> (2)-> (3)-> (3)-> (4)
[5, 2, 4, 3, 1] cost: 12
[5, 3, 1, 2, 4] -> (4)-> (2)-> (4)-> (4)
[5, 3, 1, 2, 4] cost: 14
[5, 3, 1, 4, 2] -> (3)-> (2)-> (4)-> (4)
[5, 3, 1, 4, 2] cost: 13
[5, 3, 2, 1, 4] -> (4)-> (2)-> (3)-> (4)
[5, 3, 2, 1, 4] cost: 13
[5, 3, 2, 4, 1] -> (3)-> (2)-> (3)-> (4)
[5, 3, 2, 4, 1] cost: 12
[5, 3, 4, 1, 2] -> (2)-> (2)-> (4)-> (4)
[5, 3, 4, 1, 2] cost: 12
[5, 3, 4, 2, 1] -> (2)-> (2)-> (3)-> (4)
[5, 3, 4, 2, 1] cost: 11
[5, 4, 1, 2, 3] -> (1)-> (4)-> (4)-> (4)
[5, 4, 1, 2, 3] cost: 13
[5, 4, 1, 3, 2] -> (1)-> (3)-> (4)-> (4)
[5, 4, 1, 3, 2] cost: 12
[5, 4, 2, 1, 3] -> (1)-> (4)-> (3)-> (4)
[5, 4, 2, 1, 3] cost: 12
[5, 4, 2, 3, 1] -> (1)-> (3)-> (3)-> (4)
[5, 4, 2, 3, 1] cost: 11
[5, 4, 3, 1, 2] -> (1)-> (2)-> (4)-> (4)
[5, 4, 3, 1, 2] cost: 11
[5, 4, 3, 2, 1] -> (1)-> (2)-> (3)-> (4)
[5, 4, 3, 2, 1] cost: 10
total cost 1700
